0 1
1 0 2
2 1 3
3 2 4
4 3 5
5 4 6
6 5 7 26
7 6 8
8 7 9 53
9 8 10 43
10 9 11
11 10 12
12 11 13
13 12 14
14 13 15
15 14 16
16 15 17
17 16 18
18 17
19 20
20 19 21
21 20 22
22 21 23
23 22 24
24 23 25
25 24 26
26 6 25 27
27 26 28 54
28 27 29 44
29 28 30
30 29 31
31 30 32
32 31 33
33 32 34
34 33 35
35 34 36
36 35
37 38
38 37 39
39 38 40
40 39 41
41 40 42
42 41 43 51
43 9 42 44
44 28 43 45
45 44 46
46 45
47 48
48 47 49
49 48 50
50 49 51
51 42 50 52
52 51 53
53 8 52 54
54 27 53 55
55 54 56
56 55 57
57 56 58
58 57 59
59 58